0.0 1.0
0.017501015425828787 0.9998468455013823
0.034996670133171884 0.9993874289181298
0.05248160504557991 0.9986218909736757
0.0699504643701731 0.9975504661591799
0.08739789723816892 0.9961734826617031
0.10481855934390122 0.9944913622636795
0.1222071145818292 0.9925046202137215
0.13955823668103456 0.9902138650687943
0.15686661083670625 0.987619798507809
0.17412693533811274 0.9847232151166929
0.19133392319256415 0.9815250021449998
0.20848230374486532 0.9780261392341382
0.22556682429176503 0.9742276981172974
0.24258225169090628 0.9701308422911673
0.25952337396378494 0.9657368266595477
0.27638500189222565 0.9610469971489607
0.2931619706078858 0.9560627902963806
0.3098491411743014 0.9507857328092107
0.3264414021609896 0.9452174410976382
0.34293367120912577 0.9393596207795134
0.35932089658831556 0.9332140661579041
0.3755980587439855 0.9267826596714839
0.39176017183491807 0.9200673713179245
0.40780228526045903 0.9130702580504675
0.42371948517693153 0.9057934631478614
0.4395068960027903 0.898239215557856
0.45515968191205625 0.8904098292144556
0.4706730483155737 0.8823077023291396
0.4860422433296359 0.87393531665627
0.5012625592315295 0.8652952367329069
0.5163293339015533 0.8563901090932673
0.5312379522510665 0.8472226614580689
0.5459838476361322 0.837795701899004
0.5605625032563216 0.8281121179786022
0.5749694535382508 0.8181748758657438
0.5892002855034255 0.8079870194270956
0.6032506401199769 0.7975516692947474
0.6171162136378712 0.7868720219103341
0.6307927589071884 0.7759513485459366
0.6442760866790614 0.7647929943020625
0.6575620668888807 0.7534003770830109
0.6706466299213715 0.7417769865499381
0.6835257678571514 0.7299263830519429
0.6961955357003943 0.7178521965354991
0.7086520525872171 0.7055581254325713
0.720891502974423 0.6930479355277509
0.732910137808237 0.6803254588047628
0.7447042756726753 0.6673945922726944
0.7562703039171952 0.6542592967723065
0.7676046797632834 0.6409235957627922
0.7787039313896399 0.6273915740893554
0.7895646589956291 0.613667376731985
0.8001835358426685 0.5997552075358118
0.8105573092732398 0.5856593279234316
0.8206828017072055 0.5713840555895933
0.8305569116151319 0.5569337631786512
0.8401766144683145 0.542312876945183
0.8495389636652184 0.52752587539819
0.8586410914340497 0.5125772879292879
0.8674802097111782 0.4974716934253146
0.8760536109951488 0.4822137188657748
0.8843586691760107 0.46680803790555636
0.8923928403397209 0.4512593694433452
0.9001536635473661 0.4355724761761871
0.9076387615889725 0.41975216314062785
0.9148458417116645 0.4038032762408896
0.9217726963219566 0.3877307007645255
0.9284172036619592 0.37153935988601283
0.934777328459292 0.35523421315873993
0.9408511225505057 0.3388202549958506
0.9466367254778232 0.3223025131404104
0.9521323650590132 0.3056860471253637
0.9573363579302263 0.2889759467237533
0.9622471100616249 0.2721773303896764
0.9668631172456477 0.2552953436904579
0.9711829655577628 0.23833515773051459
0.9752053317895658 0.2213019675674008
0.9789289838540896 0.2042009906205152
0.9823527811632041 0.18703746507295813
0.9854756749769891 0.16981664826702905
0.9882967087249718 0.15254381509385542
0.9908150182991337 0.13522425637764615
0.9930298323185945 0.11786327725506346
0.9949404723658929 0.10046619555021409
0.9965463531947918 0.08303834014574966
0.9978469829095449 0.06558504935058332
0.9988419631155684 0.04811166926471653
0.9995309890414732 0.03062355214168194
0.9999138496324189 0.013126054749098816
0.9999904276147618 -0.00437546327215172
0.9997606995319768 -0.021875641049635144
0.9992247357518427 -0.039369118121444766
0.9983827004448874 -0.056850536078160346
0.9972348515341016 -0.07431454020417796
0.995781540615934 -0.09175578111790539
0.9940232128525948 -0.10916891641032803
0.9919604068356977 -0.12654861228143552
0.9895937544212855 -0.14388954517401373
0.9869239805362858 -0.16118640340429727
0.9839519029564605 -0.17843388878898578
0.9806784320559125 -0.19562671826812628
0.9771045705282311 -0.21275962552336183
0.9732314130793568 -0.2298273625910511
0.9690601460922639 -0.246824701469768
0.9645920472635607 -0.2637464357216843
0.9598284852121188 -0.28058738206735057
0.9547709190598536 -0.29734238197337876
0.9494208979847814 -0.3140063032325488
0.9437800607464929 -0.3305740415358503
0.9378501351841863 -0.3470405220359771
0.9316329376874143 -0.36340070090179866
0.9251303726397077 -0.3796495668633322
0.9183444318352455 -0.395782142746739
0.9112771938687511 -0.4117934869988774
0.903930823498799 -0.4276786952009452
0.8963075709847309 -0.44343290157074666
0.8884097713973799 -0.45905128045312665
0.8802398439038177 -0.47452904779811184
0.8718002910263427 -0.48986146262630637
0.8630936978759338 -0.5050438284810995
0.854122731360408 -0.520071494867231
0.8448901393675231 -0.534939858675279
0.8353987499232745 -0.5496443655916344
0.8256514703256451 -0.5641805114935293
0.815651286254074 -0.5785438438286892
0.8054012608549165 -0.592729962979189
0.7949045338031746 -0.6067345236090969
0.7841643203407854 -0.6205532359954898
0.7731839102917645 -0.6341818673424342
0.7619666670545037 -0.6476162430775274
0.7505160265715302 -0.6608522481306106
0.7388354962770488 -0.6738858281942477
0.7269286540225803 -0.6867129909655996
0.7147991469810367 -0.6993298073693
0.7024506905295567 -0.7117324127609681
0.6898870671114526 -0.7239170081109837
0.677112125077616 -0.7358798611681631
0.6641297775077311 -0.7476173076029818
0.6509440010116635 -0.7591257521299929
0.6375588345113893 -0.7704016696090935
0.6239783780038375 -0.7814416061253074
0.6102067913050224 -0.7922421800467512
0.5962482927758567 -0.8028000830604568
0.582107158030027 -0.8131120811857399
0.5677877186243379 -0.8231750157647946
0.5532943607319143 -0.832985804430221
0.5386315237986784 -0.8425414420491811
0.5238036991835083 -0.8518390016438979
0.5088154287824935 -0.8608756352882148
0.4936713036377103 -0.8696485749799419
0.4783759625309455 -0.8781551334887199
0.4629340905627966 -0.8863927051791415
0.44735041771758094 -0.8943587668088829
0.4316297174145016 -0.9020508783015941
0.4157768050455037 -0.9094666834943176
0.3997965365002788 -0.9166039108592006
0.3836938066788603 -0.9234603741992861
0.3674735479922721 -0.930033973318164
0.3511407288516878 -0.9363226946632798
0.3347003521465608 -0.9423246119427042
0.3181574537121934 -0.9480378867151742
0.301517100787216 -0.9534607689532233
0.2847843904614475 -0.9585915975792307
0.2679644481146084 -0.9634288009742252
0.2510624258463722 -0.9679708974592857
0.23408350089823135 -0.9722164957493921
0.21703287406766106 -0.9761642953795897
0.19991576811506834 -0.9798130871033323
0.18273742616401276 -0.983161753262886
0.16550311009519103 -0.9862092681316775
0.1482180989346771 -0.9889546982284833
0.13088768723690636 -0.9913972026033631
0.11351718346290714 -0.9935360330952515
0.09611190835427283 -0.995370534561125
0.07867719330336814 -0.9969001450766795
0.061218378720276946 -0.9981243961084514
0.04374081239698756 -0.999042912657335
0.026249847869314582 -0.9996554133734473
0.008750842777063611 -0.9999617106423081
-0.008750842777063367 -0.9999617106423081
-0.02624984786931478 -0.9996554133734473
-0.043740812396987315 -0.999042912657335
-0.06121837872027626 -0.9981243961084514
-0.07867719330336746 -0.9969001450766795
-0.09611190835427215 -0.9953705345611251
-0.11351718346290644 -0.9935360330952516
-0.1308876872369061 -0.9913972026033632
-0.14821809893467686 -0.9889546982284833
-0.16550311009519122 -0.9862092681316775
-0.1827374261640125 -0.983161753262886
-0.19991576811506812 -0.9798130871033324
-0.21703287406766125 -0.9761642953795896
-0.23408350089823113 -0.9722164957493922
-0.2510624258463715 -0.9679708974592858
-0.26796444811460773 -0.9634288009742255
-0.2847843904614468 -0.958591597579231
-0.30151710078721533 -0.9534607689532235
-0.3181574537121932 -0.9480378867151743
-0.3347003521465606 -0.9423246119427043
-0.351140728851688 -0.9363226946632797
-0.3674735479922719 -0.9300339733181641
-0.38369380667885966 -0.9234603741992863
-0.3997965365002786 -0.9166039108592007
-0.41577680504550346 -0.9094666834943177
-0.431629717414501 -0.9020508783015945
-0.4473504177175807 -0.894358766808883
-0.462934090562796 -0.8863927051791418
-0.47837596253094566 -0.8781551334887198
-0.49367130363771006 -0.869648574979942
-0.5088154287824933 -0.8608756352882149
-0.5238036991835086 -0.8518390016438978
-0.5386315237986782 -0.8425414420491814
-0.5532943607319136 -0.8329858044302214
-0.5677877186243376 -0.8231750157647947
-0.5821071580300268 -0.81311208118574
-0.5962482927758561 -0.8028000830604572
-0.6102067913050222 -0.7922421800467513
-0.6239783780038369 -0.7814416061253078
-0.6375588345113894 -0.7704016696090934
-0.6509440010116634 -0.759125752129993
-0.6641297775077308 -0.7476173076029821
-0.6771121250776161 -0.735879861168163
-0.6898870671114524 -0.7239170081109839
-0.7024506905295561 -0.7117324127609685
-0.7147991469810366 -0.6993298073693002
-0.7269286540225802 -0.6867129909655998
-0.7388354962770483 -0.6738858281942481
-0.75051602657153 -0.6608522481306108
-0.7619666670545032 -0.647616243077528
-0.7731839102917646 -0.634181867342434
-0.7841643203407852 -0.6205532359954901
-0.7949045338031744 -0.6067345236090971
-0.8054012608549164 -0.5927299629791891
-0.8156512862540736 -0.5785438438286896
-0.825651470325645 -0.5641805114935295
-0.8353987499232743 -0.5496443655916347
-0.8448901393675229 -0.5349398586752792
-0.8541227313604076 -0.5200714948672317
-0.8630936978759333 -0.5050438284811005
-0.8718002910263422 -0.48986146262630736
-0.8802398439038176 -0.474529047798112
-0.8884097713973796 -0.45905128045312726
-0.896307570984731 -0.44343290157074644
-0.9039308234987992 -0.42767869520094504
-0.9112771938687511 -0.41179348699887763
-0.9183444318352453 -0.39578214274673945
-0.9251303726397073 -0.3796495668633328
-0.931632937687414 -0.3634007009017993
-0.9378501351841863 -0.3470405220359771
-0.9437800607464928 -0.33057404153585074
-0.9494208979847815 -0.31400630323254863
-0.9547709190598536 -0.29734238197337853
-0.9598284852121188 -0.28058738206735057
-0.9645920472635607 -0.2637464357216846
-0.9690601460922639 -0.24682470146976826
-0.9732314130793566 -0.22982736259105177
-0.9771045705282311 -0.21275962552336186
-0.9806784320559125 -0.19562671826812653
-0.9839519029564604 -0.17843388878898603
-0.9869239805362858 -0.1611864034042977
-0.9895937544212854 -0.14388954517401464
-0.9919604068356976 -0.12654861228143577
-0.9940232128525947 -0.10916891641032828
-0.9957815406159339 -0.09175578111790586
-0.9972348515341016 -0.07431454020417776
-0.9983827004448874 -0.05685053607816059
-0.9992247357518427 -0.039369118121445015
-0.9997606995319768 -0.02187564104963561
-0.9999904276147618 -0.0043754632721524096
-0.9999138496324189 0.013126054749098125
-0.9995309890414732 0.030623552141681696
-0.9988419631155684 0.048111669264716064
-0.9978469829095449 0.06558504935058353
-0.9965463531947918 0.08303834014574987
-0.9949404723658929 0.10046619555021406
-0.9930298323185945 0.11786327725506321
-0.9908150182991338 0.13522425637764546
-0.9882967087249719 0.15254381509385476
-0.9854756749769891 0.16981664826702905
-0.9823527811632041 0.18703746507295788
-0.9789289838540897 0.20420099062051475
-0.9752053317895659 0.22130196756740012
-0.9711829655577628 0.23833515773051456
-0.9668631172456477 0.2552953436904577
-0.962247110061625 0.2721773303896761
-0.9573363579302265 0.28897594672375265
-0.9521323650590131 0.3056860471253639
-0.9466367254778232 0.3223025131404104
-0.9408511225505058 0.3388202549958504
-0.9347773284592921 0.3552342131587395
-0.9284172036619595 0.37153935988601217
-0.9217726963219569 0.38773070076452465
-0.9148458417116646 0.40380327624088935
-0.9076387615889727 0.41975216314062747
-0.9001536635473661 0.4355724761761873
-0.8923928403397208 0.4512593694433454
-0.8843586691760108 0.46680803790555614
-0.8760536109951489 0.4822137188657746
-0.8674802097111786 0.497471693425314
-0.85864109143405 0.5125772879292873
-0.8495389636652184 0.52752587539819
-0.8401766144683146 0.5423128769451829
-0.8305569116151322 0.5569337631786508
-0.820682801707206 0.5713840555895928
-0.8105573092732398 0.5856593279234316
-0.8001835358426687 0.5997552075358117
-0.7895646589956292 0.6136673767319848
-0.7787039313896402 0.627391574089355
-0.7676046797632833 0.6409235957627923
-0.7562703039171953 0.6542592967723064
-0.7447042756726755 0.6673945922726942
-0.7329101378082373 0.6803254588047625
-0.7208915029744234 0.6930479355277505
-0.7086520525872178 0.7055581254325708
-0.6961955357003945 0.717852196535499
-0.6835257678571517 0.7299263830519426
-0.6706466299213713 0.7417769865499383
-0.6575620668888809 0.7534003770830109
-0.6442760866790616 0.7647929943020624
-0.6307927589071888 0.7759513485459364
-0.6171162136378717 0.7868720219103337
-0.6032506401199774 0.797551669294747
-0.5892002855034255 0.8079870194270956
-0.5749694535382509 0.8181748758657437
-0.560562503256322 0.828112117978602
-0.5459838476361327 0.8377957018990037
-0.5312379522510665 0.8472226614580688
-0.5163293339015543 0.8563901090932666
-0.50126255923153 0.8652952367329066
-0.4860422433296364 0.8739353166562698
-0.47067304831557366 0.8823077023291396
-0.45515968191205636 0.8904098292144554
-0.43950689600279047 0.8982392155578559
-0.42371948517693114 0.9057934631478616
-0.40780228526045964 0.9130702580504672
-0.39176017183491807 0.9200673713179245
-0.3755980587439858 0.9267826596714839
-0.35932089658831595 0.9332140661579039
-0.3429336712091264 0.9393596207795132
-0.3264414021609896 0.9452174410976382
-0.3098491411743024 0.9507857328092104
-0.2931619706078861 0.9560627902963805
-0.27638500189222537 0.9610469971489608
-0.2595233739637857 0.9657368266595475
-0.24258225169090636 0.9701308422911673
-0.22556682429176528 0.9742276981172974
-0.2084823037448649 0.9780261392341382
-0.19133392319256481 0.9815250021449997
-0.17412693533811274 0.9847232151166929
-0.1568666108367073 0.9876197985078089
-0.13955823668103498 0.9902138650687943
-0.1222071145818298 0.9925046202137214
-0.10481855934390114 0.9944913622636795
-0.08739789723816904 0.996173482661703
-0.06995046437017344 0.9975504661591799
-0.05248160504557955 0.9986218909736757
-0.03499667013317261 0.9993874289181298
-0.01750101542582883 0.9998468455013823
-2.4492935982947064e-16 1.0
