3.2860099165622705
2.5664255273983856
2.5664255273983856
2.572498183943044
1.8148282618702973
2.9722701209311793
2.6821457740655243
3.5328277147453173
3.50714199954191
3.2198430717707067
3.352094863515895
3.4961224959687063
3.4961224959687063
3.0534837306078617
1.7328233050408601
3.2366124929149174
3.4961224959671187
3.495515563606196
3.390836097871354
3.6109059140199737
2.625324758664272
3.670049293088822
3.6602484496728125
3.210860827200133
1.360348979676103
1.5573614978114225
1.5573614978114225
1.3278509615754712
2.716183764046233
1.4571076595037473
1.5573614978115997
1.5569197586541663
3.5828297247197893
