2.7234942494726035
2.3577436946525188
-0.32253754748414926
2.6190056554453007
-0.047480561481953044
-1.0695264711328298
2.234139263275746
-2.6301207998869036
2.210685643218858
0.03516273630801266
-1.3625830070025364
0.37794259524630386
2.1193165140523726
-0.08412814657569453
-3.8707638592446223
0.24453989413589078
-1.285052752259433
-0.19324662130195425
2.54508549395081
-0.45608319218317384
-0.6479566754527609
0.08770167722796023
-4.942418392927739
2.5460236811781014
-2.1575265352586213
-2.022536899269876
-0.03009598456126115
-1.1526276831395188
-2.2129268112394143
1.2592059733639374
-1.9306266159484928
-2.8109858490034165
-0.9037179703950772
-2.630948803777316
-0.694651048116639
2.7222292264305317
2.9512118745012383
1.962840186091254
0.6039293483254476
1.7035168042319715
-0.019319574503514573
-2.2108666585625314
-2.6962436086621526
-3.5179252962723027
2.157316839196633
-4.664200740461857
1.058156309072598
-4.983197869710195
1.9832284071492483
-0.6067731621758344
2.2650575884942623
-1.1037076607876763
-6.7395984432676554
-7.612590783136853
-6.759501342837792
2.439937470155104
1.0701872028761223
1.032343221688206
-0.2019503588864514
0.9789932182012875
-1.8006858415023388
-1.6262848029552224
2.388941178320044
1.0850491560936237
1.806356809275255
-0.29551356401657186
0.27368224944442604
1.9339201164160664
1.2990264793821698
2.5482152583330704
0.6452994465435851
-1.7116759874862653
-2.1208931845303045
-0.03926563366755218
-2.2680774016802587
1.3850112810596755
-0.8448999440762736
-0.9313993194811712
-0.9648622714372501
-2.1026108973607736
0.670140079096404
0.3451810042152794
0.28817693151656193
2.2808471380463464
2.078105307759836
1.4814489355065916
1.7490595663679547
2.7577524705207748
0.16824324824543638
-0.9757264252024358
-3.2534495834786092
0.691493828843628
0.6355985145927242
1.8161834145095306
-0.09169952834913654
1.8745800135472845
-0.14804461290564822
-1.2606550135629107
0.9913411285111375
1.34101979553371
3.075181781386292
2.8732615643875783
2.3269580479166367
2.5550825438810705
1.1541034644454078
-1.8841044666596916
-1.0270803400308979
1.7197505718905788
-1.6561498275103945
-1.6532620671871376
-4.873306102713556
-2.1554267983379063
0.3248905303333966
1.3979910901968549
0.14598328415948922
-0.8972665573303639
2.6766783019318057
2.3251386601427275
-1.8260984166376641
-2.552992485142455
0.16600526922662057
-0.797769045508254
3.0888296023350192
-1.1022844971911474
2.384002980266555
0.3864958064380995
1.1884974937298032
1.606511222648131
-7.570629508171283
1.3581391947702555
2.214883948426681
-0.784907099930254
-1.0945617700258234
2.7983791931124355
-5.796007775429059
-1.9087016921514917
2.064330248883719
-0.02407238520065724
-2.474028130672615
-0.5972848325249868
1.9980450762247393
0.19625910187961323
-2.0596234987556423
-2.6527547926844948
2.42632196456501
1.8308498262906598
0.568941311470885
1.188100538442728
2.0810701743406637
1.3649615312556085
1.1911143303989107
1.8165294519737298
2.313808053872435
0.386871620993283
-1.9583440490550001
-0.7288527339414436
-5.082202804945911
3.0396128874812196
-1.6103676418722443
1.3622251667652683
2.7408968199991506
2.5023749801754573
0.9684884308943572
0.46730873952136426
1.3767967695257322
-0.10314766963454666
2.1638024354912617
2.50729027776738
0.09090059028145711
