1.9986597456184403
1.5971438128230002
2.978249778097055
-0.13253589035087357
2.0100808590645625
-5.210378002646249
-2.57561945084387
-4.882024444653221
2.708743306896396
-5.837637533297491
-6.275828745736831
-10.167082641820716
-2.198619839609347
-4.626327959815
-0.07846567888049633
0.6460798506747955
1.487013608403004
-5.212706526707506
-5.803599706451004
2.243443596327989
0.7191966738617602
0.8324979852140958
0.5428478088050575
-8.153699225863617
-7.732798012071955
-11.1405910535991
-0.8881432592886054
-4.879937228523793
-9.801788559706365
-4.391297048814539
1.2089203447857233
-1.6199642832547252
-5.762078908462894
1.2502573357209699
-7.1870493014206716
-0.033555424205161194
-4.61602340354374
-10.903938414361273
-6.316217120936827
-5.042528574244596
-10.299065249924453
2.368621951890068
1.3577196366367141
-7.247384451543286
-6.040899431925381
0.6410188849291882
-7.493018860323909
-0.5980641081806992
-7.70496544953403
0.3717866498038289
-3.0057578757284698
-6.814150966557849
-8.500007329913236
-8.726273115265828
-8.921207317483105
-1.086537222322603
-1.1182084734892879
-6.996305186206453
1.1146789505805847
-3.4767372404703822
-4.548011549573762
-1.3257078683520593
-2.4202559207541503
1.7112369266622205
1.063067019037727
1.1933293350431802
-4.286604355086278
-0.9258031809445025
-5.925219569238311
0.7355742863170786
-0.8894889057673788
-8.308490288123938
-3.3199345020856454
2.7841534592365584
-1.9527465299650606
-4.9919950469230745
-1.199398169331434
-5.096052036493659
0.9195104581547806
1.3368050576400132
-0.4336635012144854
1.0004165411534478
-0.9488835479862726
-8.404075258723317
2.9206164819192533
-9.374154358433051
-9.293004641925595
-4.992211244726416
-12.773266131063675
-3.414155140989964
-4.977172564041282
-13.674238874424386
-2.434747339125813
1.9735533427075014
-5.042088275875623
-2.53437291872086
0.1379174492231896
-2.9523689926549035
-6.1635931964940545
-15.137955476768965
-15.485332420224111
-14.035973775451994
-3.658607833918726
0.942452074703731
2.0294614930482755
-2.4072790509998954
-2.9424094682749162
-4.422807040455753
2.2109608948401123
-5.934668312388208
-5.059680165380802
-3.8234682852671087
-5.821325530771075
-5.538082149031891
2.7085024152189527
-4.57856423768685
-4.292865803576293
2.2877381807059183
-5.949965589139704
-5.274646550014699
-5.517520248459
-4.436059678872041
1.2934213509707373
-3.6454441628668453
0.6423545796998335
0.6333237501561236
-3.2794973785131236
-3.9047169346161517
-2.878165325207573
-4.67262808173248
-6.661132137707589
-6.280588464377844
-0.26082306958963336
-1.468544919653433
-6.800105757889631
-0.9624530020915566
-2.670428195644053
2.8646373530581672
-2.1638252010054537
-7.630569518822664
-3.539251452483563
2.2965513614673934
-10.678959746280288
-5.668638690853739
-5.14424732951031
-6.939933717374089
-0.21233411847998593
-0.5721295096314063
-7.09010525992731
-6.089759710989933
-4.656852384952109
-3.802495787993515
-1.1966478156363631
-3.9001940137158173
-0.14942018353169478
2.839003684917427
-5.7851864351829905
1.3856553235219267
2.9494947560317466
2.159849060065441
-7.692507887893411
-6.448105567608295
1.8660935247069868
-5.60701891654648
0.25636037220964747
-4.884180687474953
-3.1852922481064545
1.973273878898503
1.7686500224174544
2.7791141513807784
2.3389662079145213
-3.8514121458548827
3.082059792547056
-2.191371676653304
1.0004478027828214
2.7944929687437514
-1.2092860006953925
-0.7074223510931587
2.64982233669974
2.6713124445378065
-6.994023165749706
2.509389289799836
-14.83117948763275
-1.6125481290812702
1.4684500761364006
-4.982352651655707
1.6710763617904385
-1.8072125032112758
-6.286340566071933
1.4904230445049957
0.533371969040289
0.634138782359533
1.476697584174068
0.1340929896715165
-9.856677003151592
3.0382077320487744
1.3839825424282068
0.45707695533071296
0.9108322990614458
2.558872190162053
0.38487392286862326
1.884547956840861
-0.2373385600743018
-0.2102653281652751
1.4102113014250544
-0.002296606765186055
0.43433125476464746
-4.032568910900087
-5.103758760360338
0.4448612889729229
-0.4473081201784705
-2.9374421578445076
2.8685235099602178
-1.3948522370766065
2.054599468513225
-8.256845041634064
-7.550345505289312
0.8631815139283884
0.7605093906768595
2.1603526358911145
-3.595884992999689
2.0046312857844812
1.7627370919405176
-9.739618526505724
-1.1748354879644092
0.38035750366696525
1.0226715302459806
2.3503472775252043
2.966455478163954
-2.3254480886106252
0.23179892181865863
-5.381164339034512
-2.801296867065963
-5.402925041873048
-5.574273416525906
-6.884667860989061
2.135650908173429
0.24590851772092628
-6.289629609418947
2.4774559627406587
-0.3997572418237393
1.2788749214723074
0.6440494164281949
-3.6664008182115673
-4.311422834909088
-4.310967160579838
-6.2127094315562115
0.3912879699696757
-6.69904728180866
-11.67638958616115
-7.495170256370648
-6.491244790432354
-4.826050540793706
-0.6932320238814902
-1.1956691833636703
-3.3163385141080104
1.4093661317410464
-7.600011825970202
-5.223452807876178
-1.246003815454784
1.1096160416241365
2.7814274743415606
0.6911714982034148
0.6650452058098453
2.3397574765145657
-5.781593127259506
-2.756921937136284
-5.7951681429404545
-12.178056040596962
-5.872464540941433
-1.6445575688847192
1.1716568243942653
-0.2311968639350507
2.5894255175452385
2.4205949706441694
1.7529007692519392
-5.7566798988631405
-9.381572294306025
-3.798265580015567
-0.6902880473464283
0.9326356535826771
-7.031040050269413
-1.1208031458154748
2.3054260051215456
-13.461267416459473
-7.524875978926031
-0.1430001182829265
3.0664815036824398
-3.4945867094758807
-7.491724997170077
1.2905669947754153
-2.7898664163121514
-2.4707787871500573
1.4866008346803266
-15.438404820323639
-3.830400765713682
-0.6186596057788473
-2.858753037083526
0.9882819905433468
1.7464311799833463
-1.5220445895618508
-2.220365609165328
1.377925189722839
-5.902289614543973
-4.227508212485078
-2.7891858661760303
2.0422715505567575
0.13481904940560122
-12.74455425821461
1.9857100521977704
-2.847820768957112
-9.938589027675857
-1.5293866988511966
-6.525891450030166
-5.269170949525816
-4.25924361873997
-3.2736959336901412
0.578216898043442
-0.6060046232639776
-7.156491713188639
2.240731748106702
-4.562257721133264
-1.256859539264891
-5.791213744659841
0.18532744770667048
-8.271353620943772
3.079161233982263
-6.951697602023274
-9.385383094020083
2.3444810670309906
-0.3538117151431897
-3.0901621092282956
-2.216692392092361
-0.17831805671738202
-1.3861488651455904
-4.956852950891929
-5.47388467585778
-0.5981115623053287
-6.210731004032801
-9.428700115085329
0.6619280358636956
0.30710484652541054
2.334024039882428
-1.9455210776228768
-1.0177321808291786
-12.727651219951081
0.46254854204032003
-8.349775289954051
-9.593322247974024
2.2134160403763223
1.5296822817969338
-6.039653642615591
0.6707750753744197
-2.526538220846714
-4.047573600597617
0.2038663223870151
-2.7953922035154193
-7.665178886972759
1.4222046456871755
2.65614179861248
-9.178787153008862
1.0565074717280967
-12.197942316544225
-1.9057556985477677
-3.02706203176626
-10.374890031984737
0.7766507308802655
-6.220679839758298
-0.9315644167119679
-13.633571206621955
2.15530774845585
0.15756271884078
-1.7655063062263185
2.0851836814626044
-10.093779769214976
0.5005475429906099
1.3938152737949894
-3.6562331192668136
-8.188578466831215
0.30086865946726654
-4.8637883299391405
-8.463140793309275
-0.47526607001779425
2.8464685975807424
-0.14982888511844272
2.694201430321598
-0.5084989629318034
0.5306488556879168
1.1505341965210594
-0.9734805107065672
2.4668329644524456
2.361043035964935
-3.744066987618815
-1.8322989657584492
-4.021010088547688
-3.85713728788945
2.489586161365087
-5.683988989859411
-1.3473056302110216
-3.4789577127334144
1.1956703996729072
2.5126555416858003
1.837917052653293
-0.036806846431640144
-0.9857834584488765
-2.4167481844288274
2.718007206540387
-3.8871066008176935
-5.10974997175984
1.937991424641821
-1.2430805357539338
-3.1034419746936184
0.2911932222510547
1.1875345651715028
-5.4360866252826145
-0.349445012822067
2.052034805518908
-3.472990567855045
1.4216563679372658
-8.10653041190041
3.085201251103225
