2.3093031044144148
1.9231151907506396
2.0204182818688237
-3.1155892361360213
-0.349351548136824
-2.8100770661483505
-3.794161363796263
-2.6286995990209623
-6.936956138134669
-0.3089174898288546
-2.6285462329025333
1.706797890429955
-3.5626535896908473
-3.1543672914462344
2.5969393463601644
-3.750978194463712
-4.454796641136007
-8.02495082744251
-2.683732747374753
-6.151758927941103
-2.592132579873626
0.16505704983787184
-3.4880807443446282
-4.384581033152968
2.6367602146834006
-2.6001412260616172
-8.349001262316571
-0.27672035753530355
-1.7902918933534673
-6.809834372207518
-5.008164072000655
-3.4648408116232643
-4.775708355815696
-5.3512346045462476
1.2157634344948782
-3.3541408494467984
-5.684558452501919
-6.191150001155397
-5.485140454448193
0.8879309982586563
0.9676683159713365
-5.125438165160377
-0.16588129909657176
-2.8965713346608988
0.40912231512978603
-0.11819829420430909
-1.6082709802946868
2.9420449275478173
-3.127012890282212
2.6289755421070438
-2.785358922593125
-1.1670267993720125
1.1136555142848403
-2.8608484158786203
1.9647125586202583
-0.8278511631211826
1.8833109347903676
-5.749843001514443
-6.512192608532594
-6.817970636648389
-1.9281277801906207
-9.297952392229572
-0.6202109022268042
-2.3906030469887365
-9.949507015256355
-0.5413291621532483
-3.1412389414300645
0.23051142338856945
2.5405865260786262
-0.7163290292979323
-3.9950708240385513
-11.53865960526657
-12.111300290040328
-10.91748559004652
0.24046965752946292
-0.3299005419292387
0.31892341573550453
-2.068666650445278
-2.948806226358508
-2.977795962592164
-1.7652704980610434
-4.098194235367575
-3.861597572139662
-1.5924904879653765
-1.9880451065752747
-2.625827418381079
-1.5492657546971078
-3.2795173836900537
-2.4175988524420795
-0.18193283557108575
-1.045175594961031
-1.6745411857478103
-0.5525736465421102
-2.3935162838895265
-4.539936644750294
-4.497861915867923
2.439980562220196
2.2284155903868728
-3.9026028475098853
2.436728536770492
-0.06588789483480033
0.866015030543173
-5.332358611472115
-1.428853138101338
-6.464362688179365
-3.638393245972466
-3.3530823046184497
-4.8667953659317424
2.548192783456412
2.0916670171184126
-2.24052986296727
-3.192659800950918
-2.5131237895875103
-2.049350336772765
2.506801540263111
-0.22196352554766874
-1.7561594316256521
1.769308958317103
-3.5051022326182593
-3.0497250662808115
2.52136650449148
-1.6013827775345628
0.896088598275893
-0.6492741759948264
0.8118757706188461
2.6365527143602776
3.0056636420115144
-1.018913024557521
0.854975915189685
-0.33213709423464555
3.028819774936327
-4.41475313408878
-9.869295243000833
1.2227452597200665
-1.0591448160580235
2.1307967603338853
-3.29584011111199
-5.359987495547656
2.521243987555597
2.881601665536398
2.5696277272822714
1.984128780507607
2.1060769900814362
-1.5259607714465202
-2.9557333752107513
2.975016623177189
1.5862085825947045
-0.875146941524194
1.1917510622378544
-4.781644857902425
-4.854763865984383
-0.4409795884943209
-5.140635817219832
-0.09661179503995192
2.660990636321179
-0.09742966588996635
2.1979250890820854
-2.0776833160618824
0.43385300923084463
-1.9923503622625713
-2.69068332468778
-4.74156926341957
2.839837921613156
-4.034251351118083
2.329263300543477
2.9146206342072443
-1.3580502224500899
-0.9703673980702441
-0.9699013620280517
-4.259898172677829
-4.536567904111866
-8.760782378968967
-5.206708774360908
-3.5700439386733875
-1.1118760138423627
1.3296422323907542
-1.2959115408287607
-4.280299635922998
-3.3693729862112844
1.8970463525015753
-2.1566196575971435
-0.5788959668609905
-4.094138260236566
-8.053028802534314
-0.7630952940099869
0.6494005078550532
2.9621785679317223
-3.218386255397428
-3.872610319282249
-0.07408253069856467
2.568662090514684
-4.359638191091109
0.6833251748283568
-8.164560451065498
-3.278213567833908
1.8376999137428185
1.1239194466813944
-4.1153446527667406
-1.084853312006367
-0.723368782948809
-12.066501115113883
-1.6067407826476718
2.556972520442976
-0.6843371861510436
0.9693394229372911
0.2617904988738302
-3.709125679699851
-0.5474639879914389
0.12135296177213105
2.9692204155316815
-7.751700334701885
-0.42802078521184395
-8.16319706242411
1.9673430335234412
-4.5470958395062935
-2.126241864497181
-2.4441702329304698
0.013487763212324285
2.2668831586255664
-5.149721606390174
-2.8629836260136785
1.0486897072253163
-2.4529599642676456
-4.642376739731026
-4.855094414904057
-6.499970964876918
2.474524248375108
-0.22544813082928353
1.4449200488664475
2.59562644212923
1.6478944405816356
-1.7926351299840435
-0.7124635929464588
2.522224823755942
-2.7643392196119696
-5.143996646564099
0.6846744287748772
2.711418239590583
2.9034131404913173
2.3095074057984397
-6.381056336677463
-4.186316652298969
-4.971420857239335
-1.3771199994315988
2.2332637719511017
0.9116347529414421
2.3757140999235076
-3.601589598859057
1.8043203920509754
3.035139236849067
-5.079219107014779
-7.809543059052493
0.5303803460618609
0.7519063212967354
-6.240874047114662
-1.2618334584900144
-9.968699034476458
2.891532450199707
2.49422476975843
-6.458031714643751
0.893284893197977
-2.8314679388565054
0.7557357340226308
-1.0375708894571385
-1.9559390419008171
1.3595098526897769
2.8873759689848835
2.4815297636389566
1.807211145269503
-0.7319342751952104
0.12764208528408566
-1.2252736305364609
-1.7890119798438324
-3.047718534419168
1.0701835641305217
-1.3979200774735296
2.915231314802904
2.5844844171777486
1.754874756829574
0.08606380126540507
-0.12849369257089133
-2.964063270839445
1.5500276274965523
0.36356845193246046
-0.49687021862730785
0.7276610364498163
0.9158610716684268
1.8869280435772422
-4.59334569668686
